2, 7, 14, 23, ?, 47 
31
28
34
38
3
4, 6, 12, 14, 28, 30, ? 
32
64
62
60
4
4, 9, 13, 22, 35, ? 
57
70
63
75
1
11, 13, 17, 19, 23, 29, 31, 37, 41, ? 
43
47
51
53
1
15, 31, 63, 127, 255, ? 
513
511
523
517
2
5, 11, 17, 25, 33, 43, ? 
49
51
52
53
4
9, 12, 11, 14, 13, ?, 15 
12
16
10
17
2
0.5, 0.55, 0.65, 0.8, ? 
0.7
0.9
0.95
1
4
1, 4, 9, 16, 25, ? 
35
36
48
49
2
2, 1, (1/2), (1/4), ? 
(1/3)
(1/8)
(2/8)
(1/16)
2
 1, 4, 27, 16, ?, 36, 343 
125
50
78
132
1
20, 19, 17, ?, 10, 5 
15
14
13
12
2
7, 10, 8, 11, 9, 12, ? 
13
12
10
7
3
6, 11, 21, 36, 56, ? 
51
71
81
41
3
2, 3, 5, 7, 11, ?, 17 
15
14
13
12
3
36, 34, 30, 28, 24, ? 
26
23
22
20
3
13, 35, 57, 79, 911, ? 
1145
1113
1117
1110
2
6, 11, 21, 36, 56, ? 
65
78
81
97
3
53, 53, 40, 40, 27, 27, ? 
14
12
16
18
1
11, 10, ?, 100, 1001, 1000, 10001 
1000
121
111
101
4
1, 6, 13, 22, 33, ? 
35
46
38
49
2
21, 9, 21, 11, 21, 13, 21, ? 
15
17
23
25
1
10, 14, 26, 42, 70, ? 
86
98
114
126
3
1, 9, 17, 33, 49, 73, ? 
78
85
91
97
4
31, 29, 24, 22, 17, ? 
15
23
13
25
1
1, 9, 25, 49, 81, ? 
100
121
144
169
2
5, 9, 17, 29, 45, ? 
65
56
74
57
1
14, 28, 20, 40, 32, 64, ? 
56
46
58
48
1
2, 6, 12, 20, 30, 42, 56, ? 
63
67
69
72
4
3, 7, 15, 31, 63, ? 
89
127
142
158
2